[model]
U = 1.0
J = 0.0
lattice = wannier90
seedname = nis
nelec = 24.0
ncor = 2
cshell = [(2, 5),(2, 5)]
bvec=[(1.822263, 1.052084, 0.0),(0.0, 2.104168, 0.0),(0.0, 0.0, 1.172476)]

[system]
nk0 = 4
nk1 = 4
nk2 = 4
beta = 10.0

[impurity_solver]
name = TRIQS/hubbard-I

[control]
max_step = 10

[tool]
broadening = 0.1
nk_line = 50
nnode = 8
knode=[(G,0.0,0.0,0.0),(M,0.5,0.0,0.0),(K,0.3333333333,0.3333333333,0.0),(G,0.0,0.0,0.0),(A,0.0,0.0,0.5),(L,0.5,0.0,0.5),(H,0.3333333333,0.3333333333,0.5),(A,0.0,0.0,0.5)]
omega_max =3.0
omega_min =-12.0
Nomega = 500