[model]
U = 2.0
J = 0.0
lattice = wannier90
seedname = pb
nelec = 2.0
ncor = 1
cshell = [(1, 6)]
bvec=[(1.271848, 1.271848, 1.271848),(1.271848, -1.271848, -1.271848),(-1.271848, 1.271848, -1.271848)]
spin_orbit = True

[system]
nk0 = 4
nk1 = 4
nk2 = 4
beta = 40.0
dc_type = 2

[impurity_solver]
name = TRIQS/hubbard-I

[control]
max_step = 5
restart = True

[tool]
broadening = 0.1
nk_line = 50
nnode = 5
knode=[(G,0.00,0.00,0.00),(L,0.50,0.00,0.00),(X,0.50,0.50,0.00),(W,0.75,0.50,0.25),(G,0.00,0.00,0.00)]
omega_max =10.0
omega_min =-6.0
Nomega = 500

