[model]
lattice = wannier90
seedname = nis
nelec = 28.0
ncor = 2
norb = 5, 5
kanamori = [(3.0, 1.5, 0.75), (3.0, 1.5, 0.75)]
bvec=[(1.822263, 1.052084, 0.0),(0.0, 2.104168, 0.0),(0.0, 0.0, 1.172476)]

[system]
nk0 = 4
nk1 = 4
nk2 = 4
beta = 40.0
mu = 10.928
with_dc = True
n_iw = 1000

[impurity_solver]
name = TRIQS/hubbard-I

[control]
max_step = 15
restart = True

[tool]
broadening = 0.1
nk_line = 50
nnode = 8
knode=[(G,0.0,0.0,0.0),(M,0.5,0.0,0.0),(K,0.3333333333,0.3333333333,0.0),(G,0.0,0.0,0.0),(A,0.0,0.0,0.5),(L,0.5,0.0,0.5),(H,0.3333333333,0.3333333333,0.5),(A,0.0,0.0,0.5)]
omega_max =3.0
omega_min =-10.0
Nomega = 500